100
10
0.226620149408
0.0348314723637
0.797469305999
0.00673743650167
0.603415002232
0.185199267323
0.243871051817
0.347421503994
0.871622026606
0.844749692053
0.521205013102
0.492931234678
0.396497708991
0.639521472717
0.104291151035
0.323521499298
0.0418254611476
0.797379916176
0.20532573901
0.0547288130404
0.925826590121
0.847485578531
0.279665090635
0.400953384734
0.574419191218
0.770062242523
0.466335243739
0.00386463579114
0.955185950491
0.11374685343
0.898306408616
0.215480441511
0.859770592653
0.932352972652
0.00214323225117
0.91834401903
0.528842073812
0.785600789175
0.150968121599
0.714966589266
0.883099801123
0.6959016424
0.417392705375
0.226938273361
0.303695680153
0.746523455219
0.275231848944
0.292937963026
0.273595948319
0.286987941767
0.173298392802
0.142313647915
0.833637996407
0.143319785755
0.781368156647
0.475438369032
0.136028822092
0.463488069419
0.887581966891
0.781500462076
0.133415145667
0.573945439166
0.949146573694
0.0857661182663
0.351921665757
0.503208253795
0.561822240461
0.757766660772
0.761611164437
0.285928998709
0.217197615741
0.584206368652
0.153719674264
0.0769647881652
0.984522409804
0.193447156052
0.0591906990175
0.0894747731566
0.337774812786
0.897267124611
0.83628495989
0.0163405072828
0.240292990847
0.510893725298
0.556217668712
0.34713494577
0.00608229476322
0.411644197367
0.0740708085738
0.329394098295
0.641836785459
0.0285565874814
0.94794881395
0.765041152087
0.281025495998
0.670683223312
0.49861171251
0.330386421347
0.757307419181
0.823688629635
0.856554912291
0.748913533986
0.0514947118862
0.879921874403
0.958457809245
0.678914052559
0.530579875422
0.574758724602
0.875429542812
0.318502306159
0.196857036703
0.896004055543
0.492311607669
0.610992631093
0.870096020481
0.361057718153
0.969162247173
0.788329965446
0.316550089074
0.21795410283
0.348008066428
0.558685209013
0.252195414185
0.768851134677
0.676385091501
0.731275556065
0.453037268818
0.191474980007
0.372777922738
0.481976610227
0.817709842149
0.814375588997
0.146789649627
0.711761961993
0.752475815126
0.364469061548
0.882078367315
0.757613476966
0.366754425937
0.762786029585
0.144526262973
0.698762008165
0.516903969842
0.304517633518
0.0741172072347
0.0987057072433
0.697199632894
0.784300316945
0.203202227709
0.292836930731
0.499904127672
0.204505854646
0.659539396177
0.532979445277
0.880933271022
0.930332639067
0.992787364142
0.445931480197
0.416078513765
0.944066069296
0.216394682412
0.325547076892
0.534095201316
0.635701256511
0.822856832277
0.321188228011
0.829141884461
0.941972153263
0.739651141485
0.16024231966
0.853720749435
0.238573166053
0.843034787506
0.16728535241
0.267442677545
0.957278039813
0.706947556883
0.0326944735462
0.404953028774
0.729352032787
0.0743504449574
0.865096932199
0.0328057353934
0.202209866689
0.48292642692
0.710918852534
0.793041816517
0.525276780763
0.943441675415
0.23758383259
0.166977014245
0.817163158727
0.28829902016
0.368469548679
0.969787661805
0.706196462467
0.0132027907615
0.91175287705
0.114119550512
0.599413749082
0.843179138199
0.333883176687
0.691021044213
0.0094322820894
0.676135450141
0.682139794166
0.183055330727
0.301412967072
0.278850551195
0.331505675143
0.474545047792
0.637711035997
0.345245196284
0.0959898706377
0.0592520528153
0.306293866653
0.0137339680947
0.843609897734
0.954754992891
0.248988040524
0.597346426561
0.857059112256
0.251359399118
0.218213930239
0.145943343465
0.400652548464
0.423030467971
0.065391336773
0.492363792321
0.970704113786
0.553402898261
0.640035422753
0.972471039961
0.766009915396
0.168299770323
0.47374585944
0.779863847849
0.0457834061555
0.496446001663
0.913371088279
0.254381929745
0.653696575064
0.50500818938
0.779268315302
0.365318106923
0.495222085412
0.393077595869
0.887914964062
0.375989562658
0.16896173942
0.39808477622
0.932506603516
0.0732810974701
0.252976010327
0.49774584786
0.775395603172
0.729194424278
0.610821859065
0.359177721284
0.662478147693
0.707970934138
0.330639549155
0.212596646757
0.533328848152
0.91620190719
0.355918355894
0.510489641507
0.406615607325
0.934393430891
0.827613150843
0.848491850661
0.756431385767
0.874740055245
0.416491020831
0.550474904281
0.785380129595
0.939754423993
0.661460871991
0.876588242447
0.328371678606
0.203648109435
0.0622388595492
0.958646052709
0.43830518194
0.0802131879499
0.905939972085
0.393197058212
0.601574728056
0.71872390332
0.87653720434
0.335509480655
0.811320841878
0.0124849834882
0.158424085117
0.583848026507
0.936756430969
0.483468190811
0.406364848048
0.0143465515086
0.229213599204
0.842229295969
0.596441926783
0.0607354838861
0.454844769262
0.536202901921
0.917896923912
0.637085689081
0.515526423376
0.160478445776
0.815541355816
0.503134397436
0.326347847271
0.25835814599
0.038114945233
0.383098857088
0.678406714021
0.103714598733
0.974121383759
0.462808632098
0.816932489581
0.767511556091
0.602266031307
0.716614562397
0.86492042813
0.778355562411
0.618715647373
0.454932547016
0.956817723904
0.268167224683
0.552493358017
0.268916726475
0.0820538389289
0.179331315246
0.388145091155
0.0134815875748
0.923535820558
0.471588453716
0.843452188251
0.354845858384
0.134057940045
0.791609149484
0.891480299028
0.777848513141
0.712642786592
0.260860964839
0.343002546235
0.681179487057
0.503861364267
0.857940449671
0.167214679212
0.0334977991353
0.0991870986715
0.0319064030493
0.578828399664
0.196278278447
0.139407135993
0.633770944146
0.183264811522
0.779341307925
0.356428955474
0.17742649127
0.247563082631
0.501860349341
0.65058817509
0.378774842095
0.114323143054
0.228070997614
0.985853520176
0.243251978811
0.250570724468
0.972956094341
0.898215151683
0.0930548980385
0.743926333656
0.378098440395
0.292919704446
0.901475357286
0.224712250106
0.42791182862
0.42253054798
0.866654305821
0.472976656946
0.747767499164
0.116590335279
0.222091601523
0.802409545403
0.927211614277
0.279020343551
0.112037345537
0.217101551583
0.0942721618011
0.55035498592
0.0867510759988
0.92461188313
0.881681966212
0.0203168322
0.585881038361
0.799707747206
0.0986077448279
0.24193426242
0.501083366952
0.722713677571
0.223960968236
0.120398105071
0.385186051519
0.74824460806
0.846506365549
0.951227176064
0.410277104917
0.611055736867
0.0780096025269
0.617519948691
0.130375498758
0.603056956601
0.459307121605
0.078030699195
0.496627910419
0.319187504853
0.321496533086
0.378937937411
0.754772283431
0.980513268008
0.591763506708
0.546834593806
0.678841188883
0.525708651593
0.785306620149
0.453614170758
0.965323748182
0.668524596651
0.725648179792
0.425543591278
0.148530632611
0.235424474679
0.436287936302
0.000695873756825
0.737694145952
0.556020227291
0.533949994195
0.597357940578
0.743652637037
0.789429063267
0.495928192736
0.745898762337
0.571576036192
0.33394202231
0.840688263285
0.855053931982
0.435046401757
0.0419364149391
0.595510979588
0.975666612331
0.795024388732
0.184670983466
0.669910059775
0.133831300487
0.646095534103
0.848701782336
0.794836679886
0.303997567761
0.95646861405
0.33632977528
0.530902326035
0.0641531022032
0.469603775115
0.187727293608
0.593822086412
0.0434776458792
0.825136424481
0.706758679075
0.905837462785
0.871599174723
0.0258922982486
0.147299186727
0.444347029111
0.64747576525
0.192242696479
0.547087482763
0.232430650591
0.669397264001
0.38697333194
0.847713276575
0.667161760556
0.87645102979
0.0266991819582
0.551462960954
0.739238553876
0.437836143958
0.818644997212
0.392366434496
0.37711931001
0.894009006262
0.485272511271
0.391274768609
0.25883317348
0.234934519931
0.188521895786
0.280175349557
0.445979307198
0.729574750417
0.534475386769
0.731331845405
0.358382174835
0.0502713965471
0.743690530602
0.691602101043
0.813434045514
0.651852257475
0.249278634547
0.699457583238
0.650526297443
0.502353422523
0.202797569553
0.0924170855806
0.896348093455
0.0299655855348
0.136661459414
0.677439837013
0.103133908511
0.96245801378
0.523262915421
0.471304092496
0.890522603296
0.427847267397
0.71602898386
0.27189681947
0.396961906859
0.416886198249
0.478792549185
0.830172501324
0.578937063107
0.538330156641
0.834683433217
0.192565937859
0.715034912462
0.327604696942
0.687585221322
0.532902330661
0.648840460873
0.837119608729
0.533561668674
0.152385620474
0.131556563204
0.62625726428
0.346042122147
0.602979672562
0.0334393221136
0.994582265276
0.16823940343
0.947404531864
0.146731552735
0.808229992377
0.25361567318
0.594731834072
0.327113292259
0.0608539916391
0.344495306155
0.0383678693544
0.396572454916
0.658493942676
0.877240440132
0.602025812757
0.771781559831
0.404806550846
0.513105681766
0.255579948263
0.857062417508
0.457905899786
0.123781929049
0.602566139683
0.158579842149
0.116737571453
0.449176966698
0.756989065465
0.46494087585
0.0967937853515
0.230228315008
0.0860927001194
0.44926712772
0.0675419217708
0.157256268657
0.800527371141
0.247630019536
0.0367881456464
0.412957715154
0.279515539744
0.306169510135
0.439392473048
0.791039904704
0.152919326502
0.30045959469
0.486117348957
0.274394538342
0.140020690755
0.70679173346
0.805852718063
0.754455868645
0.540669298273
0.38058153488
0.635336812081
0.0610424106593
0.500815840249
0.275965203589
0.974957657199
0.202826448229
0.648541679871
0.799485875485
0.640930107042
0.0473879581834
0.187654353627
0.319140017175
0.714168879378
0.654142355687
0.251185570522
0.969187124698
0.265626870548
0.597943265068
0.509481914248
0.164553804627
0.852298919012
0.881530140969
0.0305658974442
0.69302221604
0.0325902789922
0.908680700267
0.262786843119
0.685613698431
0.40430451376
0.113119808497
0.535349626226
0.117928695061
0.71268254826
0.812768517426
0.016707670416
0.00131034216311
0.151860992523
0.492117924507
0.685153340231
0.513799190122
0.584562349765
0.322159069367
0.25495061008
0.96763337556
0.158103789785
0.147239259141
0.689574696594
0.898704579577
0.379244397505
0.634061456039
0.728399933539
0.46830331899
0.233320740538
0.505254877563
0.21213773785
0.824605906507
0.555237082407
0.530412077174
0.241721264304
0.807654977603
0.79666495578
0.799837573935
0.963815340793
0.845938124919
0.269029047083
0.890887543149
0.487382819761
0.657673686237
0.188895577839
0.420470582564
0.962519662323
0.606922716453
0.479685999741
0.867840525732
0.164492540436
0.0880895491967
0.0792603337901
0.226713636798
0.734193403294
0.664440254213
0.949344897009
0.810946251024
0.410818275163
0.949266720202
0.448053581126
0.732933362354
0.417630375953
0.374286543037
0.124216729532
0.046489048895
0.133505951329
0.74156342948
0.146653887616
0.736155629444
0.562574761158
0.495337848063
0.84084672708
0.587906828853
0.679391510247
0.897010285562
0.411392000928
0.967253293982
0.0211705064361
0.494148885176
0.0233110382657
0.55188060068
0.579201691187
0.665430943821
0.913651433291
0.151763744823
0.782290929949
0.870570234104
0.326485731737
0.141407335149
0.547605531232
0.851671523055
0.397483623842
0.604148671811
0.133349983948
0.830627011533
0.415642265979
0.0375067580305
0.0253951561989
0.872563201014
0.793389951379
0.908516751298
0.78887440727
0.707741760993
0.678419841689
0.142085518598
0.69695031387
0.415963407158
0.714493776357
0.297813110455
0.549719630635
0.164364170933
0.612894049124
0.151411054188
0.347963655181
0.121674593443
0.335896492875
0.784952383897
0.771806664061
0.565781401465
0.269354634546
0.137992642068
0.404544973701
0.441559492408
0.100438226977
0.0850414375492
0.842006998875
0.624358443444
0.838000465751
0.695351739084
0.593066720654
0.0627311268016
0.21802872013
0.349293778767
0.479523852501
0.176235968818
0.16907194153
0.259318334325
0.403398449517
0.458935889047
0.96942859477
0.128043483162
0.432276831008
5.58468989178e-05
0.89166493505
0.694346123796
0.327130592804
0.383661302398
0.595876467728
0.381481336879
0.634440753526
0.118219088313
0.0987173356146
0.80932728439
0.603022672336
0.539476912887
0.222884948377
0.421871669806
0.87102551002
0.484453788948
0.045451329023
0.509411181748
0.972495432505
0.181765093948
0.957991695416
0.753029728229
0.101164373558
0.352096197232
0.442931030444
0.996241318101
0.877222805979
0.33568259526
0.497354935623
0.736225861826
0.0026273473622
0.95221702271
0.904332663917
0.523489340375
0.722377558109
0.680625703382
0.212593885257
0.289803299017
0.228935897272
0.49566854722
0.986198922725
0.182977471453
0.342594566501
0.183132667077
0.787345841317
0.203107520402
0.544194258925
0.870251142943
0.9057342701
0.961144491775
0.335451932311
0.568272872018
0.470774842547
0.827292147583
0.167163938825
0.480547938226
0.166760864451
0.14477808938
0.79214607117
0.547236973635
0.0894236890131
0.756836714407
0.70104157578
0.982701120854
0.254448788192
0.842334519136
0.869951697729
0.667915059386
0.711407871654
0.523495594467
0.335734761674
0.569183463723
0.511658712563
0.049561433056
0.121634721431
0.791246121381
0.82626305905
0.451699748403
0.348738539917
0.372232093184
0.67059493978
0.194342682987
0.127330720209
0.410978304551
0.759580633404
0.124041540423
0.619767904134
0.0691428352918
0.894938915208
0.922019640925
0.202406727279
0.781633326153
0.947113114807
0.513737160409
0.638284731881
0.787163954675
0.344588779412
0.551042466634
0.381351401865
0.629530313923
0.177764910665
0.339615145347
0.222423846911
0.876869259615
0.0220489758195
0.234907112707
0.36223782487
0.446901294035
0.170537497541
0.780764161088
0.396303763557
0.126693460552
0.662436546639
0.608188614058
0.912645188327
0.125064592408
0.760555197829
0.0324407875284
0.142612123693
0.570436661149
0.396221258192
0.518353202136
0.827144528483
0.453226130293
0.628455356776
0.532443900542
0.471978952252
0.116408267729
0.497101730531
0.564875769726
0.734373402291
0.636027709428
0.216966604712
0.283240701983
0.900794919555
0.251124546686
0.401952914439
0.109258555806
0.489307552556
0.164071218097
0.724457843875
0.0507397440582
0.650666051959
0.362443196053
0.20709447854
0.819459198061
0.859629758626
0.148801799471
0.931164734296
0.699113791503
0.238645777819
0.673952756377
0.239868153805
0.825928910936
0.0778919615571
0.920117161983
0.996495792721
0.910680375258
0.305974215389
0.909731091067
0.459297018661
0.868206640344
0.153385382626
0.653567178743
0.47101162229
0.0321570388088
0.202831300486
0.181305878404
0.079575094514
0.0412215863513
0.987484835094
0.368409590951
0.645758183833
0.924799182826
0.72973810953
0.115481419108
0.541195521205
0.904534413048
0.750898573041
0.463669699276
0.512443085316
0.807082228527
0.370479324734
0.8797433989
0.525577275533
0.0655994401116
0.745441034921
0.943159574071
0.823274686471
0.0366817272591
0.62599708421
0.902189803937
0.0700936591275
0.728435356286
0.036107330314
0.465427564903
0.376006814704
0.559736247251
0.978744092286
0.228332364309
0.796312088555
0.0915966973212
0.330093879044
0.552421706548
0.900195193753
0.608239153025
0.599516124878
0.388214279173
0.608213696948
0.823868928832
0.546941952764
0.350713483661
0.630144816578
0.949709508676
0.672725649362
0.775367405111
0.91111166322
0.0414396071106
0.223921744636
0.870453353614
0.669651307668
0.901399717721
0.953702043182
0.630959784003
0.365448740953
0.936677426679
0.498258571305
0.187935903685
0.675658987756
0.803651010846
0.465959677495
0.776194686566
0.0648129188777