0.02040816326
0.02040816326
0.02040816326
0.02040816326
0.02040816326
0.02040816326
0.02040816326
0.02040816326
0.02040816326
0.02040816326
0.02040816326
0.02040816326
0.02040816326
0.02040816326
0.02040816326
0.02040816326
0.02040816326
0.02040816326
0.02040816326
0.02040816326
0.02040816326
0.02040816326
0.02040816326
0.02040816326
0.02040816326
0.02040816326
0.02040816326
0.02040816326
0.02040816326
0.02040816326
0.02040816326
0.02040816326
0.02040816326
0.02040816326
0.02040816326
0.02040816326
0.02040816326
0.02040816326
0.02040816326
0.02040816326
0.02040816326
0.02040816326
0.02040816326
0.02040816326
0.02040816326
0.02040816326
0.02040816326
0.02040816326
0.02040816326
